56
1 1 32
2 4 17 20 36 43
3 3 37 53 55
4 4 26 39 40 55
5 7 7 11 19 25 31 45 50
6 2 9 52
7 6 5 25 31 34 41 56
8 4 17 20 22 27
9 5 6 21 44 49 52
10 3 23 30 40
11 5 5 12 31 45 47
12 5 11 18 45 47 48
13 1 37
14 3 39 53 55
15 3 18 38 48
16 3 34 41 46
17 5 2 8 20 22 36
18 6 12 15 29 45 48 50
19 6 5 25 28 43 50 56
20 6 2 8 17 27 43 56
21 4 9 44 46 49
22 5 8 17 27 35 40
23 6 10 27 30 35 49 52
24 3 33 47 54
25 4 5 7 19 56
26 3 4 30 40
27 7 8 20 22 23 35 49 56
28 6 19 29 36 43 50 51
29 4 18 28 50 51
30 5 10 23 26 35 40
31 5 5 7 11 41 45
32 2 1 44
33 2 24 42
34 6 7 16 41 46 49 56
35 5 22 23 27 30 40
36 5 2 17 28 43 51
37 3 3 13 53
38 1 15
39 4 4 14 53 55
40 7 4 10 22 26 30 35 55
41 4 7 16 31 34
42 1 33
43 6 2 19 20 28 36 56
44 3 9 21 32
45 6 5 11 12 18 31 50
46 4 16 21 34 49
47 4 11 12 24 48
48 4 12 15 18 47
49 8 9 21 23 27 34 46 52 56
50 6 5 18 19 28 29 45
51 3 28 29 36
52 4 6 9 23 49
53 5 3 14 37 39 55
54 1 24
55 6 3 4 14 39 40 53
56 8 7 19 20 25 27 34 43 49
